taxonID,latitude,longitude,date
51349,33.5837531064,-101.8874752522,2017-11-16
51349,37.8715816365,-121.9408178329,2017-11-14
51349,38.6523,-121.2080583333,2017-11-14
51349,32.7329512,-97.1436781,2017-11-15
51349,39.2641579509,-117.1621513367,2017-07-15
51349,39.3460029116,-77.6196527481,2017-10-04
51349,37.5246616667,-121.969125,2017-11-12
51349,48.7810608687,-93.7725559095,2012-07-22
51349,42.443028973,-76.4945840836,2016-08-28
51349,35.4062034,-94.5988306,2017-11-10
51349,41.970473,-82.536507,2016-10-19
51349,32.8674736357,-97.276031747,2017-11-09
51349,37.7972033333,-122.4547116667,2017-11-05
51349,35.365317,-97.376411,2017-05-29
51349,36.9873645102,-122.0268626112,2017-11-01
51349,39.2485283333,-77.4377533333,2017-11-04
51349,39.957114,-82.800852,2009-09-12
51349,31.6339883333,-98.2484416667,2017-11-03
51349,32.5873316667,-97.2381133333,2017-11-05
51349,39.2500477709,-77.4381854669,2017-11-04
51349,39.24832188,-77.43731661,2017-11-04
51349,38.8009463,-76.6928959,2017-09-23
51349,20.5303350222,-100.3588628769,2017-10-11
51349,37.8033305556,-122.3246527778,2017-11-02
51349,33.3481684845,-93.1843721867,2017-09-28
51349,35.3349543,-94.2971119,2017-11-01
51349,32.8432477073,-97.476693838,2017-11-01
51349,25.648189,-100.2071137,2017-10-30
51349,32.378943742,-96.845879852,2017-10-30
51349,37.3064973392,-78.4000659362,2017-10-31
51349,33.2230196808,-97.1284022772,2017-10-31
51349,32.4409734897,-96.9357848167,2017-10-30
51349,35.3349543,-94.2971119,2017-10-30
51349,37.79722,-122.4545966667,2017-08-16
51349,32.5873016667,-97.23812,2017-10-29
51349,30.506719,-97.687072,2017-10-29
51349,30.506719,-97.687072,2017-10-29
51349,35.2068884,-97.4175191,2017-03-20
51349,30.3015203,-97.7055953,2017-10-15
51349,33.6760554273,-100.846248479,2017-10-24
51349,32.7968681835,-97.2664321361,2017-10-25
51349,35.197691,-101.915258,2016-10-08
51349,33.928542084,-83.3305628577,2003-10-12
51349,40.0684822192,-105.0280952454,2017-09-17
51349,37.092025478,-76.4997918096,2017-10-24
51349,37.2324916667,-121.8492883333,2017-10-24
51349,37.3064049332,-78.4000935567,2017-10-24
51349,37.3064060823,-78.4000663755,2017-10-24
51349,37.3063971283,-78.400086034,2017-10-24
51349,37.3063930821,-78.4000809532,2017-10-24
51349,37.3064120493,-78.4000994022,2017-10-24
51349,37.3064049209,-78.4001014765,2017-10-24
51349,37.3064051056,-78.4001153833,2017-10-24
51349,37.3064341304,-78.4000597252,2017-10-24
51349,39.0971466844,-77.9931008671,2017-10-24
51349,35.3349543,-94.2971119,2017-10-22
51349,38.0732611667,-84.4696883333,2017-10-14
51349,37.77433,-122.4664,2017-04-14
51349,35.7251466667,-78.6921783333,2017-10-22
51349,37.5723464367,-122.297514081,2017-10-21
51349,52.3075969895,-105.740146637,2017-10-05
51349,39.1144093546,-74.8868259229,2017-10-21
51349,35.3121963,-94.29136,2017-10-20
51349,32.6037444943,-97.0358336393,2017-10-03
51349,33.5971654513,-101.8381318416,2017-10-19
51349,37.9506589368,-121.2638011241,2017-10-19
51349,32.2815554218,-111.0332239309,2017-10-18
51349,38.9083996085,-77.076984242,2017-10-19
51349,37.171275,-93.9207833333,2017-10-18
51349,32.2826226704,-111.031797627,2017-10-18
51349,35.9109842637,-79.0709529711,2017-10-19
51349,37.3091916667,-78.4017716667,2017-10-19
51349,40.4916865222,-74.4194340706,2017-10-17
51349,25.7778185,-100.1079853,2017-10-17
51349,29.3232963,-100.9514187,2017-10-16
51349,29.3232963,-100.9514187,2017-10-16
51349,39.1639982139,-95.8791593289,2017-10-18
51349,37.3719791139,-122.0814943314,2017-10-16
51349,36.8426651163,-121.419997206,2017-10-14
51349,36.8426651163,-121.419997206,2017-10-14
51349,36.9881201241,-122.0301032066,2017-10-07
51349,44.7791374,-93.1577679,2017-10-17
51349,38.5914511,-77.2581071,2017-10-17
51349,40.0439127231,-105.185984129,2017-10-15
51349,50.5618725316,-104.7166341842,2017-09-25
51349,37.7927611121,-122.2623330424,2017-10-15
51349,32.2826381808,-111.0317817104,2017-10-16
51349,32.2850375005,-111.0335568918,2017-10-16
51349,32.2838666675,-111.0322548779,2017-10-16
51349,46.5761608713,-120.4064977169,2017-10-16
51349,33.334841,-87.793647,2017-10-06
51349,35.1107516667,-120.6251616667,2017-10-13
51349,32.2793361041,-111.0226685017,2017-10-14
51349,37.0450559026,-77.2936892509,2017-10-15
51349,34.3950710674,-85.626702457,2017-10-15
51349,,,2017-10-15
51349,37.4298497941,-122.0838896702,2017-10-15
51349,35.4896416667,-80.8036933333,2017-10-15
51349,35.3181863862,-93.1015392715,2017-10-15
51349,38.4451863378,-122.8132653236,2017-10-14
51349,41.0104228,-81.3977169,2017-10-14
51349,41.0104228,-81.3977169,2017-10-14
51349,39.0335322,-85.884847,2017-10-14
51349,36.912873,-121.779963,2017-10-09
51349,37.800435,-122.261798,2017-10-08
51349,36.9913856,-122.0608718,2017-10-08
51349,32.8922,-97.2860033333,2017-10-10
51349,33.3442925935,-86.6053708816,2017-10-11
51349,36.1539816,-95.992775,2017-10-09
51349,41.8320657834,-103.6995211279,2017-10-10
51349,37.5837108912,-122.3163339683,2017-10-10
51349,52.3329719492,-105.7708740234,2017-10-05
51349,37.306352452,-78.40035804,2017-10-09
51349,35.3336725948,-94.2608499527,2017-10-08
51349,37.4991011518,-122.1279972746,2017-10-08
51349,42.681306,-123.331865,2017-10-07
51349,37.7999583333,-122.2618333333,2017-10-08
51349,36.9566650391,-102.9594421387,2017-10-08
51349,38.2233466667,-93.8533383333,2017-10-07
51349,36.3140172831,-121.2428212629,2017-10-07
51349,36.8407694203,-102.8850485219,2017-10-06
51349,39.72332386,-75.74227267,2017-10-07
51349,35.19382156,-101.81098176,2017-10-07
51349,35.263325,-90.063643,2017-10-07
51349,39.9971116667,-105.1117363333,2017-10-07
51349,39.343282843,-84.478468895,2017-10-07
51349,37.2486240011,-76.7680621134,2017-10-06
51349,40.0319333333,-105.25173,2017-10-04
51349,39.0710107936,-77.1513113939,2017-10-06
51349,36.8469649073,-121.40421346,2017-10-05
51349,37.329525,-121.9364616667,2017-10-05
51349,37.309045,-78.4017866667,2017-10-05
51349,35.712905,-79.18583,2017-10-05
51349,37.745245,-122.3755,2017-10-04
51349,35.961282433,-82.557964325,2017-09-27
51349,38.9128221,-76.1784719,2017-10-04
51349,42.4055567908,-85.383582116,2017-10-01
51349,33.4611377199,-101.8326609627,2017-09-30
51349,38.5596584688,-77.796494417,2017-10-03
51349,40.336861,-75.168821,2017-09-26
51349,38.008991,-121.727958,2017-09-30
51349,38.9195792704,-77.1197048575,2017-08-22
51349,40.6456429145,-115.3869152069,2017-08-25
51349,33.2894988711,-110.8313012123,2017-09-24
51349,31.7253199649,-110.8809864521,2017-09-30
51349,40.4351234436,-79.9362335205,2017-10-01
51349,44.9,-93.196169,2017-09-28
51349,35.143558,-89.989218,2017-10-01
51349,41.7832522,-87.578253,2017-09-28
51349,32.8717346,-96.6458747,2017-10-01
51349,35.8886734121,-79.0118939343,2017-10-01
51349,38.010852,-121.7290251,2017-09-30
51349,38.010852,-121.7290251,2017-09-30
51349,34.8081057824,-92.2157406807,2017-09-30
51349,39.6416760645,-84.178276062,2017-09-30
51349,37.7030894426,-122.440733313,2017-09-30
51349,38.2088272441,-122.4666833565,2017-09-29
51349,35.4043116667,-80.88385,2017-09-29
51349,35.9102172852,-79.0513916016,2017-09-29
51349,37.849516464,-122.2592574841,2017-09-28
51349,37.8493760666,-122.2611044348,2017-09-28
51349,39.8056678475,-99.9391508102,2017-09-23
51349,40.4808583333,-74.4380416667,2017-09-28
51349,40.4175141934,-84.4815126303,2016-10-22
51349,38.867728184,-90.1795605664,2017-09-27
51349,49.6108899601,-101.0256205763,2017-09-27
51349,37.3066633464,-78.400109636,2017-09-26
51349,37.918895153,-122.0440936089,2017-09-14
51349,40.3050579,-103.6219636,2017-09-19
51349,38.2680052494,-120.3405475616,2017-09-25
51349,41.0104228,-81.3977169,2017-09-25
51349,35.14333,-89.988509,2017-09-24
51349,37.3651988388,-121.854406446,2017-09-23
51349,37.364887599,-121.8538069725,2017-09-23
51349,49.6730112778,-112.8638558611,2017-09-17
51349,37.3651132001,-121.8558526806,2017-09-23
51349,37.36481137,-121.85410294,2017-09-23
51349,37.36484501,-121.85404226,2017-09-23
51349,37.3645345169,-121.8542584219,2017-09-23
51349,37.3652921152,-121.8543934544,2017-09-23
51349,37.3651165432,-121.856028512,2017-09-21
51349,41.6179768,-83.7914825,2017-09-21
51349,40.2220751643,-105.3026247025,2017-09-18
51349,39.190474,-76.829211,2017-09-20
51349,40.4177513123,-79.9160614014,2016-11-07
51349,33.7421981879,-101.8363470369,2017-08-31
51349,37.800579071,-122.4529724121,2017-09-18
51349,36.9608175,-122.0833662,2017-09-16
51349,38.210521,-122.033908,2017-09-09
51349,42.4033697222,-85.4002380556,2017-09-12
51349,35.3506259282,-97.3448324203,2015-10-18
51349,41.04186548,-83.623253256,2012-09-03
51349,40.0971666,-84.6439886,2017-09-16
51349,38.4339067735,-122.7496298679,2017-09-15
51349,37.8479685979,-122.2675329898,2017-09-15
51349,41.6954680864,-83.474150262,2017-09-14
51349,40.7017215771,-124.197843074,2015-10-17
51349,38.0163501554,-121.80331707,2017-09-14
51349,38.0163501554,-121.80331707,2017-09-14
51349,40.5061836243,-106.9075012207,2017-09-14
51349,37.842187,-122.272478,2017-09-14
51349,41.3512989798,-106.2263613939,2017-09-10
51349,43.3686294556,-84.6743087769,2017-09-14
51349,38.4596616667,-122.6538716667,2017-09-12
51349,37.3142863406,-122.0627881196,2017-09-12
51349,42.4035106201,-85.4000093936,2017-09-05
51349,38.6551865398,-121.2000346184,2016-06-07
51349,29.3232963,-100.9514187,2017-09-08
51349,41.8076929488,-82.674278318,2017-08-30
51349,41.0104228,-81.3977169,2017-09-11
51349,38.166711,-107.747588,2017-09-07
51349,39.97458,-105.266925,2017-09-09
51349,38.3222236633,-122.4919433594,2017-09-09
51349,38.3428858641,-122.677611261,2017-09-08
51349,38.0135438541,-121.7832756042,2017-09-07
51349,38.361778,-107.808471,2017-09-04
51349,41.5345560946,-83.1923639575,2017-09-05
51349,30.5315108336,-88.154296875,2017-09-04
51349,37.5261836235,-122.3240625858,2017-09-04
51349,32.874989,-97.27959,2017-09-04
51349,33.0920916667,-117.1297305,2017-09-04
51349,38.6569292163,-121.1944448948,2017-06-08
51349,39.8062083333,-84.0561611667,2017-09-03
51349,38.4349387559,-109.2862898951,2017-09-03
51349,32.8757103026,-97.2801667593,2017-09-02
51349,32.877855,-97.27789,2017-08-31
51349,39.7525253296,-121.8027114868,2017-08-31
51349,42.7189466667,-84.5252916667,2017-08-31
51349,33.779105,-84.3993833333,2017-08-31
51349,42.041588,-82.5137559,2017-08-30
51349,37.55541,-122.0882233333,2017-08-30
51349,37.5530112016,-122.3098521905,2017-08-30
51349,38.743407,-104.693535,2017-08-18
51349,38.0568258547,-76.6486887929,2017-08-28
51349,40.8197284363,-123.6898326874,2017-07-29
51349,40.6868980429,-74.0174138546,2017-08-27
51349,40.1097374798,-83.4192360242,2017-08-26
51349,37.425475,-122.0696861667,2017-08-26
51349,41.0104228,-81.3977169,2017-08-26
51349,41.0104228,-81.3977169,2017-08-26
51349,40.5596561388,-111.8371295929,2017-08-26
51349,37.55417,-122.0872888333,2017-08-26
51349,40.4347328206,-105.7986976724,2017-08-25
51349,43.775927,-103.425464,2012-07-20
51349,37.842187,-122.272478,2017-08-25
51349,40.9471278526,-105.0789928462,2017-08-24
51349,20.8457477684,-90.4003036022,2017-08-23
51349,40.4053661034,-105.0968904145,2017-08-24
51349,38.750862,-104.685888,2017-08-19
51349,38.0095539878,-121.7095255852,2017-08-23
51349,38.0087086492,-121.7093968391,2017-08-23
51349,38.010852,-121.7290251,2017-08-23
51349,32.4897527778,-94.7799222222,2017-08-24
51349,38.235604,-103.279035,2017-08-20
51349,42.325707,-122.876791,2014-04-13
51349,32.8728633333,-97.2760166667,2017-08-24
51349,37.8259692385,-122.2983026505,2017-08-22
51349,37.8219827544,-122.285734154,2017-08-22
51349,40.3826116667,-82.4956133333,2017-08-21
51349,37.1703111183,-121.726717203,2017-08-19
51349,40.576145,-105.1793216667,2017-06-26
51349,37.2925738746,-121.9237755516,2017-07-25
51349,33.5081943159,-102.0030999184,2017-08-16
51349,32.875557949,-97.2813792137,2017-08-18
51349,38.46754,-123.00893,2017-08-15
51349,32.8733533333,-97.2771216667,2017-08-17
51349,38.2329620468,-104.6331902594,2017-08-17
51349,32.875045,-97.279422,2017-08-16
51349,37.4529024918,-79.192757941,2017-08-16
51349,40.0452761466,-105.1869068127,2017-08-15
51349,39.1025559557,-84.8419860005,2017-08-13
51349,41.0104228,-81.3977169,2017-08-13
51349,32.862965,-97.4802116667,2016-03-05
51349,33.6262105844,-101.889497235,2017-08-10
51349,37.6733609706,-122.3854081766,2017-08-12
51349,39.9545865464,-105.6065802657,2017-08-11
51349,37.4341061,-122.0982962,2017-08-12
51349,38.419355,-122.351539,2017-08-07
51349,40.07069437,-75.7151556015,2015-10-10
51349,37.2354,-121.8463216667,2017-08-10
51349,38.3417243958,-122.7098770142,2017-08-10
51349,37.4546629287,-122.238312363,2017-08-09
51349,42.7324679428,-84.5063111362,2017-08-01
51349,37.8395783333,-122.2636416667,2017-08-07
51349,38.0136682801,-101.8933868408,2017-07-14
51349,39.88382,-105.1439528333,2017-08-08
51349,36.9805416438,-122.0247173309,2017-08-06
51349,37.419997,-122.016252,2017-08-05
51349,37.5900571294,-122.3193740845,2017-08-06
51349,35.3531451912,-80.8080027517,2017-08-06
51349,37.7227996,-121.9155836,2017-08-05
51349,37.8711391467,-118.8535630703,2017-07-27
51349,39.7526741028,-121.8027572632,2017-07-29
51349,39.8707743339,-105.687451511,2017-08-01
51349,32.8724327701,-97.2762107849,2017-08-01
51349,49.7554612174,-106.7615691429,2017-06-03
51349,43.2184404422,-122.948513031,2017-07-30
51349,43.2184248049,-122.948496937,2017-07-30
51349,27.0418777778,-108.7336972222,2017-03-07
51349,41.1266938962,-104.6993637085,2015-05-16
51349,42.073105,-112.905055,2017-07-28
51349,35.3516132281,-80.8078621152,2017-07-29
51349,37.8718706082,-122.3201266092,2017-07-29
51349,40.7496,-111.9216383333,2017-07-29
51349,39.9822533333,-105.2413783333,2017-07-28
51349,40.4786616667,-107.6175383333,2017-07-25
51349,37.6220783333,-118.56594,2017-07-22
51349,39.837575,-105.0579138333,2017-07-27
51349,37.8073533333,-122.2632833333,2017-07-27
51349,38.41963,-121.4669533333,2017-07-27
51349,40.5833713804,-105.1021456718,2017-07-18
51349,41.0482396522,-81.7970967293,2017-07-26
51349,39.0808538554,-120.2065659129,2017-07-19
51349,42.901185,-121.693825,2014-07-09
51349,40.47903,-105.2288966667,2017-06-18
51349,41.5058794542,-82.8210316971,2016-08-22
51349,38.0299083333,-122.5055283333,2017-07-22
51349,40.4918053757,-108.4230852127,2017-07-04
51349,29.3232963,-100.9514187,2017-07-14
51349,31.5166247,-83.444643,2017-07-16
51349,37.5018615889,-122.240216732,2017-07-15
51349,37.260593,-107.064981,2017-07-12
51349,32.7199177989,-84.82244879,2017-07-13
51349,39.8790405746,-121.1088180344,2017-07-02
51349,40.0123196812,-120.8248901375,2017-06-29
51349,37.6082533333,-122.4249683333,2017-07-06
51349,37.4298497941,-122.0838896702,2017-07-02
51349,39.5013116667,-84.0528416667,2017-07-03
51349,38.9339737376,-120.054507404,2017-07-01
51349,29.765205,-95.452062,2017-06-27
51349,37.5727716667,-122.2655366667,2017-06-27
51349,40.348502,-105.613417,2017-06-17
51349,36.9952872646,-121.9628919662,2017-06-29
51349,38.015326374,-101.8817138672,2016-09-21
51349,40.7367921936,-111.923218108,2017-06-24
51349,30.5199765269,-88.1543830685,2017-06-26
51349,37.8060774,-122.25855,2017-06-25
51349,38.9199203628,-120.0668978691,2017-06-25
51349,38.0013111117,-121.7111383333,2017-06-24
51349,39.8070866667,-84.0600971667,2017-06-24
51349,37.404329,-121.953912,2017-06-23
51349,29.3232963,-100.9514187,2017-06-19
51349,30.6378133704,-95.728794783,2017-06-16
51349,37.42299,-122.025873,2017-06-19
51349,38.0564221667,-122.1249861667,2017-06-21
51349,43.9362834932,-101.8518480068,2017-06-20
51349,37.7183415081,-122.412271708,2017-06-18
51349,37.821901,-122.285885,2017-06-07
51349,43.6052562881,-103.4211730957,2017-06-07
51349,37.9796833333,-121.820825,2017-06-19
51349,34.6851947796,-94.3706703186,2015-08-04
51349,34.6851947796,-94.3706703186,2015-08-04
51349,40.7818389663,-81.9303274155,2016-10-05
51349,37.7808883333,-122.20005,2017-06-12
51349,38.199774,-122.515441,2010-01-16
51349,44.636282948,-120.2422128073,2017-05-18
51349,35.3243120654,-80.7619853856,2017-06-04
51349,37.8726133333,-122.2416466667,2017-06-03
51349,41.1187471667,-102.949455,2017-06-03
51349,33.8062764005,-106.8922381817,2017-06-03
51349,38.818669,-104.856683,2015-07-23
51349,39.8560916667,-83.8753866667,2017-05-27
51349,29.181804,-100.312361,2017-04-01
51349,37.404284,-121.952027,2017-05-28
51349,41.0104265848,-81.3977265358,2016-10-12
51349,37.1840094931,-91.1741208987,2015-06-06
51349,39.856555,-83.8737633333,2017-05-27
51349,33.2806735984,-110.7967758179,2017-05-03
51349,32.4088060182,-110.9282684326,2017-05-11
51349,38.6257441,-77.5404459,2008-07-23
51349,32.8792277778,-97.2783583333,2017-05-11
51349,39.6562083333,-84.2269883333,2017-05-10
51349,36.4389771009,-115.3588550703,2017-05-09
51349,32.4405517281,-96.938123703,2017-05-08
51349,37.5543848958,-121.9623599987,2017-04-23
51349,37.8744421,-122.2384297,2017-05-07
51349,36.2721510163,-115.5264084864,2017-05-04
51349,39.1326781647,-97.4749568033,2017-04-28
51349,37.9247383333,-122.5066033333,2017-04-30
51349,40.4010627476,-80.58277823,2017-04-30
51349,39.65498,-84.2257083333,2017-04-29
51349,37.3160925307,-122.042547315,2017-04-26
51349,34.5668672496,-106.4325857152,2010-07-04
51349,35.8882955532,-95.2426613935,2016-11-15
51349,41.013398,-81.39896,2016-08-22
51349,37.5939027556,-122.4506763912,2017-04-21
51349,30.3439423902,-95.4279836886,2017-04-22
51349,35.8107117172,-78.7165903199,2017-04-15
51349,37.8122950299,-99.9219244906,2017-04-20
51349,42.041588,-82.5137559,2016-09-12
51349,33.7286575646,-101.9720690848,2017-04-03
51349,29.9881912,-95.5708204,2017-04-18
51349,37.7484666667,-122.4474033333,2017-04-19
51349,36.0947850278,-114.9574806667,2016-10-13
51349,37.3991589,-76.7245245,2017-04-17
51349,38.6771632208,-77.2278356552,2017-04-18
51349,37.7959645,-122.4571181,2017-04-18
51349,38.4643384978,-122.7080012994,2017-04-17
51349,29.7211183937,-95.3421456394,2017-04-17
51349,35.2095641063,-97.5028086672,2017-04-16
51349,38.4643171144,-122.708557248,2017-04-17
51349,32.9923883333,-97.13605,2017-04-16
51349,37.7887361111,-122.26065,2017-04-14
51349,35.811257534,-78.7170121833,2017-04-15
51349,36.0577916667,-78.9817833333,2017-04-14
51349,37.8092,-122.2637944444,2017-04-14
51349,37.263586561,-79.9133062363,2011-10-09
51349,38.7968878242,-109.5521007747,2017-04-09
51349,34.8639084341,-98.2340061665,2010-07-30
51349,35.3744943778,-80.9710407257,2015-09-30
51349,35.8943969107,-79.0620911121,2017-03-29
51349,37.3939376205,-121.8159985542,2017-04-05
51349,42.0333010584,-82.5941741467,2011-09-17
51349,35.9847930174,-79.0577020638,2017-04-02
51349,39.34633,-77.619868,2016-10-30
51349,33.6242617955,-101.8883608683,2017-03-31
51349,40.8037721688,-106.9573545456,2015-06-03
51349,37.8352132761,-122.4926571391,2017-03-28
51349,34.2266354537,-98.0519485474,2017-03-25
51349,33.4593472222,-94.4188916667,2017-03-25
51349,42.041588,-82.5137559,2016-09-12
51349,35.2618575804,-80.7189542041,2017-03-21
51349,32.9546857261,-96.6405996497,2017-03-19
51349,30.1460416667,-102.3927033333,2016-10-18
51349,37.7445333333,-122.3755416667,2017-03-17
51349,37.0522678,-121.437622,2016-11-09
51349,32.9954416987,-96.6224489634,2017-03-11
51349,40.402271,-116.116232,2014-06-28
51349,38.7974434536,-104.8645019531,2013-07-03
51349,33.017245,-97.0039816667,2017-03-02
51349,40.3800276149,-105.6187830589,2012-08-21
51349,32.914234457,-96.7126309378,2017-02-21
51349,32.4402076536,-96.9359135628,2017-02-23
51349,36.0882281361,-94.3779659271,2016-09-25
51349,42.0415298479,-82.5136756897,2016-09-03
51349,42.0570155473,-82.5881552696,2016-09-03
51349,40.0398931152,-75.6072235107,2011-08-22
51349,42.2932234,-82.7117164,2015-08-04
51349,42.123994114,-82.4344003201,2016-08-22
51349,39.9109823522,-75.6785702705,2012-08-17
51349,39.9208076344,-75.986058712,2016-10-03
51349,16.3226994,-95.24233,2014-06-25
51349,40.1875290004,-90.0738143921,2011-06-19
51349,18.8954865332,-99.1503238678,2017-01-14
51349,35.4762122749,-80.824431181,2003-09-07
51349,33.8143938,-98.205625,2016-11-13
51349,39.550743,-105.098959,2014-09-18
51349,39.622699,-104.836289,2014-09-13
51349,34.0046041304,-81.0568928719,2016-11-05
51349,39.731892,-104.961877,2015-06-26
51349,39.099847,-76.583615,2016-10-29
51349,39.604742,-105.022042,2016-08-03
51349,36.8123034108,-121.7364764214,2015-07-26
51349,36.8181391997,-121.734094621,2015-07-26
51349,42.476655,-87.8108880556,2012-05-03
51349,37.545291878,-77.5113344193,2016-11-13
51349,35.726851279,-79.174757972,2016-10-15
51349,34.391334,-94.732933,2016-06-25
51349,37.5234267303,-77.4708652496,2016-11-10
51349,38.404153458,-122.6966936589,2016-12-01
51349,25.7063738,-99.2397606,2016-12-02
51349,35.2348935987,-97.2196912612,2016-06-04
51349,36.123206418,-115.4883831298,2016-11-02
51349,34.7296272658,-77.408198537,2016-11-25
51349,35.888528,-78.952517,2016-10-30
51349,34.7027366667,-86.7300333333,2016-11-22
51349,32.4410225653,-96.9350767136,2016-11-23
51349,32.8858941023,-97.2211718559,2016-11-20
51349,38.0238122524,-122.1397304535,2016-11-18
51349,34.8279611111,-100.6186833333,2016-10-29
51349,39.65495,-84.225455,2016-11-13
51349,35.547289,-82.473983,2016-11-17
51349,35.96187851,-77.84083126,2016-11-17
51349,33.158261,-96.615741,2016-11-13
51349,32.88151,-97.298396,2016-11-15
51349,36.9419088961,-121.8178075422,2016-11-15
51349,35.8862327,-79.0174444,2016-11-08
51349,39.4222566667,-122.1759533333,2016-11-14
51349,30.86552594,-110.6594667129,2016-05-14
51349,35.3036083333,-79.9597027778,2016-10-30
51349,30.469972,-94.346718,2016-10-15
51349,38.0044986937,-122.5297879074,2011-04-16
51349,32.7452666667,-97.511545,2016-11-09
51349,32.876745,-97.17009,2016-11-02
51349,35.54732,-82.47399,2016-11-07
51349,39.6552783333,-84.2257,2016-11-06
51349,36.7789830037,-78.3978717975,2016-11-05
51349,39.802395,-77.243016,2016-10-20
51349,38.0225087,-122.1419608,2016-11-04
51349,39.3458635983,-77.6196464085,2016-09-15
51349,35.547396,-82.473947,2016-11-01
51349,42.4283216667,-76.510055,2016-11-03
51349,37.4753945043,-122.126421332,2016-11-02
51349,40.4205619733,-79.8466104269,2016-11-02
51349,37.1787914583,-93.9016084132,2016-10-31
51349,39.1007866667,-76.5832566667,2016-10-29
51349,32.9031107292,-96.7655440524,2016-10-29
51349,35.91838,-79.1866,2016-10-28
51349,43.767529911,-101.9261097908,2016-10-09
51349,39.1901416667,-76.8292383333,2016-10-23
51349,33.1506744,-96.8236116,2016-10-25
51349,40.8337593079,-96.664932251,2016-10-25
51349,36.83203,-121.3516783333,2016-10-23
51349,32.824173066,-97.459767758,2016-10-23
51349,39.194597,-77.100859,2016-10-15
51349,43.7468860662,-101.9458830357,2016-10-09
51349,37.9205528361,-122.0440346,2016-10-21
51349,39.350946,-78.040181,2016-10-21
51349,39.35101886,-78.04013971,2016-10-21
51349,37.842187,-122.272478,2016-10-20
51349,39.0717066667,-76.7740716667,2016-10-15
51349,39.196245,-77.122845,2016-10-09
51349,33.0612205854,-96.97567245,2016-10-20
51349,39.40027,-77.28324,2016-10-09
51349,39.40027,-77.28324,2016-10-09
51349,39.4212,-77.2052233333,2016-10-09
51349,40.1824079724,-80.400868803,2016-10-18
51349,39.211482,-76.724927,2016-10-18
51349,37.4574765831,-122.106320858,2016-10-17
51349,37.3151141281,-121.9263982773,2016-10-17
51349,37.3096291651,-121.8925666097,2016-10-14
51349,37.3336581,-121.8907041,2016-10-15
51349,41.8813401147,-75.9375,2016-10-11
51349,40.0971666,-84.6439886,2016-10-14
51349,41.009044,-81.393909,2016-10-12
51349,37.7455116667,-122.37591,2016-10-12
51349,39.9446209,-104.7338676,2016-08-25
51349,39.1901466667,-76.89546,2016-09-25
51349,39.1901466667,-76.89546,2016-09-25
51349,39.1901466667,-76.89546,2016-09-25
51349,39.2468133333,-76.8213116667,2016-09-25
51349,39.2468133333,-76.8213116667,2016-09-25
51349,39.2113466667,-76.910405,2016-09-25
51349,33.4257697376,-101.8404582936,2016-10-09
51349,35.547201,-82.473044,2016-10-11
51349,36.1236745836,-115.4855078824,2016-10-07
51349,39.4124416667,-76.8436366667,2016-09-24
51349,39.4124416667,-76.8436366667,2016-09-24
51349,33.4979276672,-101.8195903873,2016-10-09
51349,36.1560099074,-115.4944449222,2016-10-10
51349,39.31706,-76.876477,2016-10-10
51349,38.0209265063,-121.8348276615,2016-10-07
51349,37.531952853,-121.9135972986,2016-10-05
51349,38.002802,-121.711103,2016-10-07
51349,32.74751856,-97.27533196,2016-10-08
51349,36.956785,-122.0618633333,2016-10-06
51349,38.7495533,-77.2742782,2016-10-04
51349,38.0021267917,-121.7112958431,2016-10-07
51349,33.689906,-101.238434,2016-10-07
51349,37.5192162237,-94.5778988339,2016-10-07
51349,37.8421871,-122.272478,2016-10-06
51349,37.3991589,-76.7245245,2016-10-03
51349,41.1276264009,-104.699293127,2014-09-13
51349,39.245648,-76.819088,2016-10-04
51349,37.414037592,-76.7125306415,2016-10-03
51349,37.882355,-122.3020116667,2016-10-04
51349,40.1699541798,-105.141992569,2011-08-24
51349,26.5634174519,-100.522155845,2016-10-02
51349,40.9155372,-98.3459601,2016-09-10
51349,39.183553,-76.737981,2016-10-03
51349,39.9844722357,-83.0029646774,2016-10-03
51349,37.8001366667,-122.255295,2016-10-01
51349,37.6603628348,-77.3468115156,2016-10-01
51349,37.6594370944,-77.3465019464,2016-10-01
51349,37.6602142666,-77.3471527339,2016-10-01
51349,37.5226575229,-94.0408705722,2016-10-01
51349,37.6479588627,-122.1531844139,2016-09-30
51349,37.6531745259,-122.1472835541,2016-09-30
51349,37.6511358736,-122.1461033821,2016-09-30
51349,36.2850633333,-83.0753778333,2016-10-01
51349,37.842187,-122.272478,2016-09-29
51349,44.3119681914,-96.770870322,2016-09-29
51349,31.8529885975,-98.0886121327,2016-09-24
51349,37.3154716508,-121.9285029182,2016-09-28
51349,33.9035733333,-111.8280466667,2016-09-27
51349,39.189907,-76.828616,2016-09-27
51349,37.842187,-122.272478,2016-09-27
51349,39.618305,-84.0904305,2016-09-25
51349,42.1700057983,-82.814994812,2016-09-24
51349,40.451195,-79.89985,2016-09-24
51349,44.8874729091,-92.9343349474,2016-09-20
51349,42.8436366667,-83.51642,2016-09-22
51349,38.4507656214,-122.7066421509,2016-09-21
51349,30.5158583333,-93.1633611667,2016-09-20
51349,39.76163,-89.7584383333,2016-09-21
51349,42.7529305472,-84.4922950865,2016-09-03
51349,37.7450420727,-122.4608424379,2016-07-10
51349,39.962425,-83.0050888833,2016-09-18
51349,32.232874,-110.900387,2012-10-18
51349,38.96967,-77.01289445,2016-09-17
51349,36.9675783333,-122.0417028333,2016-09-14
51349,40.800372812,-77.8958129883,2016-09-15
51349,37.0675665162,-122.0592383221,2016-09-15
51349,35.511915,-93.326518,2016-09-12
51349,37.682689,-122.408648,2016-09-14
51349,37.7167911067,-122.4111807346,2016-09-13
51349,42.281095,-83.7086329,2016-09-11
51349,38.5957107601,-122.8702807071,2016-09-10
51349,38.864536,-104.645665,2016-09-08
51349,40.978339,-81.310506,2016-09-10
51349,42.4682333333,-100.4715183333,2016-09-10
51349,38.611676022,-122.7814972401,2016-09-10
51349,39.1934283333,-97.012625,2012-04-28
51349,39.3375290381,-77.0179608464,2016-09-08
51349,42.8541657,-97.8972907,2016-09-07
51349,37.8421871,-122.272478,2016-09-07
51349,38.6191075712,-77.7230539131,2016-09-04
51349,37.7917194444,-122.2670888889,2016-09-05
51349,37.5488135241,-122.3027873039,2016-09-05
51349,42.3322809,-122.9375267,2016-09-05
51349,37.944116,-106.127036,2016-09-03
51349,38.367722703,-119.953847453,2016-07-03
51349,32.9013418778,-96.6532158835,2016-09-03
51349,38.36388,-120.6876366667,2016-09-03
51349,37.9577016,-121.2907796,2016-09-03
51349,40.5781789247,-104.1008923047,2016-08-04
51349,35.8995796889,-105.0133096408,2016-08-30
51349,36.9881086978,-121.9283625483,2016-09-01
51349,38.4340110468,-109.3386970741,2016-09-01
51349,39.189728,-76.829061,2016-08-30
51349,37.528583,-77.451618,2016-08-29
51349,37.76736,-122.11956,2016-08-28
51349,40.2720035302,-76.784002482,2016-08-28
51349,32.4409320199,-96.9326734543,2016-08-26
51349,37.7891118121,-122.144880844,2016-08-25
51349,35.3341437593,-90.0439453125,2016-08-22
51349,38.4155349587,-122.8110980988,2016-08-24
51349,42.2558298,-83.0482198,2016-08-23
51349,37.930412,-122.681605,2016-08-22
51349,42.2558298,-83.0482198,2016-08-22
51349,36.019059,-95.974336,2016-08-21
51349,37.4213696,-122.0661533,2013-04-15
51349,37.8421871,-122.272478,2016-08-21
51349,38.5990524385,-109.575743666,2016-08-20
51349,38.5303492985,-79.0849670107,2016-08-20
51349,38.18274,-122.663038,2016-08-19
51349,37.9145977626,-122.3868377709,2016-08-18
51349,38.203829,-122.520975,2016-08-18
51349,39.9950031232,-75.9971737862,2016-07-07
51349,37.7413416667,-122.4325866667,2016-08-14
51349,37.9294166667,-122.3388222222,2016-08-13
51349,39.9654529,-82.9552745,2016-08-13
51349,36.060043,-79.068196,2015-07-18
51349,36.1233970749,-115.4845958507,2016-07-08
51349,37.0094594283,-122.1966505036,2016-08-11
51349,31.4281746839,-93.639038466,2016-08-11
51349,37.6550990185,-122.3758292198,2016-08-08
51349,43.1642888333,-83.7025616667,2016-08-07
51349,37.7447866667,-122.3748383333,2016-08-08
51349,30.25483,-91.988346,2015-08-02
51349,37.8977315176,-122.032183259,2016-08-06
51349,37.672162,-122.38746,2016-08-06
51349,37.6187716667,-118.5419533333,2016-07-30
51349,38.332817624,-122.010024189,2016-08-02
51349,37.6508009066,-118.579044342,2016-07-30
51349,37.8806570663,-122.380752379,2016-08-02
51349,37.7956016667,-122.2607783333,2016-07-30
51349,41.5034271,-74.0104178,2016-05-16
51349,39.8067383333,-84.0602111667,2016-07-31
51349,37.7957166667,-122.2602583333,2016-07-30
51349,37.7954783333,-122.2604416667,2016-07-30
51349,42.4601936379,-76.435983181,2016-07-29
51349,38.5496505894,-102.5115448236,2016-07-03
51349,38.5490380669,-102.5116467476,2016-07-03
51349,38.021174,-121.8320633,2016-07-25
51349,39.1934283333,-97.012625,2012-04-28
51349,37.343379,-121.908739,2016-07-27
51349,39.406445,-122.1632516,2016-07-25
51349,19.258261,-98.984724,2016-07-22
51349,42.307546,-84.411362,2012-09-23
51349,42.2654955664,-84.4028520584,2015-09-20
51349,31.4887166667,-83.5337916667,2016-07-24
51349,38.010531,-121.7282537,2016-07-23
51349,37.6966487555,-122.456869482,2016-07-23
51349,38.3591279033,-122.608014643,2016-07-17
51349,35.940982,-76.576869,2016-07-20
51349,39.765533557,-102.3621940613,2016-06-20
51349,40.012916,-105.269884,2016-07-16
51349,34.124985,-81.153186,2016-07-16
51349,36.5218787767,-121.9342377656,2016-07-16
51349,35.513461,-93.32493,2016-07-16
51349,39.8073616667,-84.06015,2016-07-16
51349,40.4192754474,-79.914047196,2016-07-15
51349,40.8347958034,-115.7505093815,2016-07-13
51349,41.8531242483,-119.002226472,2016-07-12
51349,39.3755114049,-120.1812028885,2016-07-10
51349,37.674426,-106.654388,2016-07-04
51349,36.9807195553,-122.0242242515,2016-07-12
51349,39.6867634816,-120.6666827202,2016-07-07
51349,25.6392173767,-100.2072219849,2016-07-10
51349,37.6692827213,-122.389497757,2016-07-09
51349,40.4203554955,-79.84675996,2016-07-07
51349,37.64177,-122.4692383333,2016-07-04
51349,50.565975,-111.899167,2015-06-18
51349,37.6647985861,-122.3875236511,2016-07-03
51349,38.4401276387,-122.7667021751,2016-07-03
51349,38.0801833333,-122.95038,2016-07-01
51349,37.4042883864,-121.9537273358,2016-06-25
51349,44.466391,-93.179383,2016-06-29
51349,37.3927716667,-122.1428666667,2016-06-29
51349,35.817422,-81.180358,2012-10-13
51349,37.5072133333,-122.4817783333,2016-06-20
51349,38.3222236633,-122.4919433594,2016-06-19
51349,37.939161,-121.967039,2016-06-17
51349,32.490905,-94.754956,2016-06-18
51349,37.671196,-122.387744,2016-06-18
51349,32.885773,-97.282317,2016-06-15
51349,36.242932,-100.108275,2016-06-14
51349,35.9698,-100.0498,2016-06-13
51349,37.013521,-122.19666,2016-06-09
51349,37.733008,-122.419919,2016-06-04
51349,37.673455,-122.42897,2016-06-03
51349,32.7748366667,-96.7594133333,2016-05-13
51349,41.831755,-103.6998883333,2016-06-01
51349,32.840758,-97.478975,2011-04-01
51349,36.224976,-95.901892,2016-05-14
51349,40.420319,-79.846562,2016-05-07
51349,20.4112,-100.075585,2016-05-01
51349,37.7332716667,-122.419075,2016-04-29
51349,39.627955,-84.0807333333,2016-04-29
51349,37.672531,-122.387307,2016-04-23
51349,37.697439,-122.421129,2016-04-20
51349,37.4206,-122.068813,2016-04-19
51349,37.6712916667,-122.4290466667,2016-04-19
51349,37.752265,-122.13397,2016-04-19
51349,37.524104,-77.470747,2016-04-17
51349,37.7182,-122.408702,2016-04-16
51349,37.71367,-122.4261316667,2016-04-16
51349,37.720549,-122.42434,2016-04-16
51349,37.716206,-122.412994,2016-04-16
51349,37.721416,-122.413863,2016-04-16
51349,37.718214,-122.408381,2016-04-16
51349,37.7490083333,-122.4462283333,2016-04-15
51349,30.453332901,-91.1244430542,2016-04-15
51349,35.273215,-114.68393,2016-04-12
51349,35.160342,-97.87921,2016-04-03
51349,37.9186,-122.044986,2016-04-08
51349,36.1332971667,-97.0761028333,2016-04-07
51349,38.276337,-122.058084,2016-03-30
51349,37.8145058407,-122.2690165323,2016-03-28
51349,37.672001,-122.385549,2016-03-26
51349,34.116007,-100.351104,2016-03-20
51349,21.144992,-102.9514,2016-03-06
51349,37.787562,-122.478754,2016-02-29
51349,37.7872283333,-122.4756916667,2016-02-27
51349,26.166011,-81.19512,2016-02-06
51349,21.137125,-102.990828,2016-02-13
51349,29.9604347089,-95.5615440862,2016-02-06
51349,39.563585,-104.442601,2003-11-15
51349,20.737309,-89.286031,2011-07-21
51349,26.179755,-98.3660816667,2015-12-20
51349,40.42031,-79.846548,2007-08-25
51349,39.960478,-80.464818,2008-09-20
51349,40.106311,-78.745234,2008-07-26
51349,40.780376,-77.951718,2012-09-29
51349,32.31299,-95.204344,2007-06-16
51349,17.97358,-89.357429,2015-04-18
51349,40.420294,-79.846661,2015-11-19
51349,37.514049,-122.487355,2015-11-22
51349,38.731153,-104.82259,2015-06-24
51349,30.23801,-96.138268,2013-11-17
51349,37.795405,-122.451685,2015-11-19
51349,20.919042,-100.728343,2015-06-02
51349,20.390605,-100.083825,2015-11-18
51349,36.438803,-115.358104,2015-11-08
51349,37.58012,-122.312425,2015-11-11
51349,24.56106,-100.83606,2015-10-31
51349,24.5610866667,-100.8360866667,2015-10-31
51349,38.411331,-122.814252,2015-11-03
51349,40.911118,-74.967363,2014-07-05
51349,35.560102,-120.697005,2015-10-25
51349,38.0311733333,-122.5075116667,2015-11-03
51349,37.645201,-122.15609,2015-11-01
51349,37.67849,-122.400765,2015-10-30
51349,36.9633683333,-122.0309583333,2015-10-30
51349,37.806077,-122.428498,2015-10-26
51349,37.957702,-121.29078,2015-10-18
51349,39.6531833333,-84.22493,2015-10-23
51349,39.21122,-76.837004,2015-10-23
51349,40.097167,-84.643989,2015-10-22
51349,38.445522,-122.817643,2015-10-21
51349,36.12158208,-97.06189215,2015-10-21
51349,37.5064733333,-122.48178,2015-10-20
51349,33.25865,-97.062809,2015-10-18
51349,33.159885,-96.6153630556,2015-10-18
51349,32.86789,-97.275723,2015-10-06
51349,29.374202,-95.625738,2015-10-13
51349,36.12134897,-97.06213923,2015-10-11
51349,37.962538,-122.004848,2015-10-13
51349,37.463552,-122.428586,2015-10-12
51349,38.801415,-76.7004283333,2015-10-11
51349,21.136965,-102.982417,2015-10-10
51349,21.131521,-102.979499,2015-10-11
51349,38.021509,-122.137739,2015-10-09
51349,41.412037,-81.363992,2012-09-13
51349,38.043096,-121.366085,2015-10-09
51349,37.472476,-122.443692,2015-10-09
51349,38.405344,-122.855483,2015-10-06
51349,37.451699,-122.112469,2015-10-05
51349,35.793864,-78.69766,2012-04-03
51349,38.265702,-121.439292,2015-10-04
51349,40.479086,-79.908789,2015-09-11
51349,38.414474,-122.812535,2015-10-01
51349,37.761161,-97.346592,2015-09-22
51349,38.130047,-122.898972,2015-08-16
51349,19.173773,-96.134224,2015-05-15
51349,38.151608,-121.289118,2015-09-12
51349,38.151608,-121.289118,2015-08-30
51349,38.151608,-121.289118,2015-08-30
51349,38.558439,-121.62917,2015-08-15
51349,39.80708,-84.0599528333,2015-09-26
51349,37.578745,-122.472935,2015-09-26
51349,37.578766,-122.473912,2015-09-26
51349,35.7826822774,-120.6312217277,2015-09-22
51349,37.557615,-122.092472,2015-09-20
51349,37.961997,-122.003646,2015-09-21
51349,37.75979,-122.426987,2015-09-21
51349,21.142369,-102.985593,2015-09-19
51349,38.14987,-121.290531,2015-09-19
51349,37.43283,-122.091556,2015-09-18
51349,37.73834,-122.373244,2015-09-15
51349,40.5480685859,-77.344824711,2015-09-13
51349,37.545802,-77.510819,2015-09-14
51349,35.78079,-78.662382,2008-10-16
51349,39.28540758,-76.60828785,2015-09-14
51349,39.412675,-76.8385266667,2015-09-11
51349,36.285484,-83.076309,2015-09-09
51349,38.057049,-121.364115,2015-09-07
51349,38.009591,-121.728601,2015-09-06
51349,37.7191166667,-121.7426416667,2015-09-05
51349,38.801415,-76.7004283333,2015-09-05
51349,37.5071983333,-122.4819016667,2015-09-04
51349,36.978709,-121.935979,2015-09-03
51349,38.22825,-122.595105,2015-09-01
51349,37.589658,-122.317009,2015-09-02
51349,37.589675,-122.318897,2015-09-02
51349,29.324645,-100.965471,2015-04-09
51349,37.8062633333,-122.42962,2015-08-26
51349,36.808357,-121.711242,2015-08-22
51349,38.9093583333,-76.96457,2015-08-22
51349,38.043539,-121.360993,2015-08-22
51349,39.8058916667,-84.0601888333,2015-08-15
51349,39.19009,-76.828809,2015-08-13
51349,37.761217,-122.426399,2015-08-12
51349,35.118961,-89.803383,2013-10-10
51349,32.611616,-96.49807,2014-08-02
51349,30.611929,-93.909375,2015-08-07
51349,37.372015,-122.092266,2015-08-02
51349,38.047464,-121.378099,2015-07-27
51349,38.360953,-122.540393,2015-07-25
51349,34.0185766667,-119.68292,2015-07-23
51349,38.01608,-121.799836,2015-07-25
51349,41.210509,-122.510652,2015-07-19
51349,38.611707,-122.781568,2015-07-24
51349,38.038142,-121.37469,2015-07-23
51349,38.037331,-121.374175,2015-07-22
51349,38.057049,-121.364115,2015-07-22
51349,33.015471,-97.067156,2013-04-28
51349,42.5598433333,-121.928475,2015-07-20
51349,38.480738,-119.82272,2015-07-16
51349,38.481881,-119.825885,2015-07-16
51349,38.080443,-122.957718,2015-07-19
51349,38.151608,-121.289118,2015-07-18
51349,37.671839,-106.653396,2015-07-17
51349,29.46336,-100.971807,2014-12-28
51349,38.0648533333,-122.8097733333,2015-07-15
51349,38.064717,-122.809896,2015-07-15
51349,38.0650416667,-122.8098483333,2015-07-15
51349,38.151608,-121.289118,2015-07-14
51349,39.3477563889,-120.3544230556,2015-07-13
51349,38.0431,-121.366555,2015-07-13
51349,38.043163,-121.367045,2015-07-13
51349,37.034591,-112.731442,2014-07-01
51349,39.432115,-120.241231,2015-07-11
51349,36.97177,-122.023087,2015-07-09
51349,35.513202,-93.326412,2015-07-05
51349,35.234474,-101.94,2015-07-04
51349,39.343018,-120.348321,2015-06-23
51349,35.0324,-106.3674,2015-06-21
51349,39.6396666667,-89.773675,2015-06-22
51349,35.814507,-118.637334,2015-06-19
51349,37.7463133333,-122.231965,2015-06-21
51349,37.010044377,-122.0621568929,2015-06-19
51349,37.8527833333,-122.19295,2015-06-12
51349,32.753493,-96.850897,2015-06-09
51349,37.284241,-122.076643,2015-06-08
51349,37.499818,-122.468226,2015-06-07
51349,37.477915,-122.29169,2015-06-03
51349,36.117609,-115.428116,2015-06-02
51349,30.230798,-92.051074,2014-10-23
51349,37.637386,-122.030899,2015-05-28
51349,37.6326666667,-122.0267444444,2015-05-28
51349,25.820581,-100.608219,2015-05-21
51349,37.542944,-122.228651,2015-05-25
51349,38.001594,-121.694012,2015-05-24
51349,24.829164,-99.582911,2015-05-20
51349,36.497213,-121.140305,2015-05-15
51349,37.523423,-77.470865,2015-05-16
51349,38.230904,-122.66563,2015-05-15
51349,32.887262,-97.282908,2015-04-23
51349,33.023936,-97.169824,2015-04-16
51349,37.386972,-122.174756,2015-04-17
51349,32.886714,-97.283689,2015-04-17
51349,32.887128,-97.282924,2015-04-11
51349,39.974292,-75.551026,2006-09-25
51349,32.88285,-97.281527,2015-04-07
51349,37.745575,-122.379292,2015-04-04
51349,32.886657,-97.283343,2015-04-03
51349,32.5167116667,-94.759955,2015-03-30
51349,25.716417,-100.071555,2015-03-22
51349,32.88617,-97.281672,2015-03-26
51349,32.886617,-97.283408,2015-03-22
51349,37.807006,-122.258928,2015-03-21
51349,36.4820166667,-121.1801133333,2015-03-17
51349,26.580043,-99.137589,2015-03-10
51349,37.6854883333,-122.4333416667,2015-03-13
51349,32.311411,-97.014929,2012-05-08
51349,37.75057,-122.4476466667,2015-02-26
51349,37.727381,-122.053914,2006-10-10
51349,37.872673,-121.970072,2007-09-29
51349,37.862116,-121.978698,2009-08-10
51349,33.0168733333,-96.56754,2015-02-14
51349,32.849182,-97.275753,2015-02-12
51349,41.376305,-120.21802,2014-08-27
51349,32.867324,-97.275315,2014-12-06
51349,38.398977,-122.622807,2006-07-06
51349,19.80913,-100.172401,2012-07-06
51349,37.813852,-122.16615,2011-08-29
51349,37.813852,-122.16615,2010-05-06
51349,20.678665,-101.354496,2014-11-08
51349,37.7391583333,-122.3752966667,2014-11-08
51349,37.7396299287,-122.3760290063,2014-11-08
51349,30.5548083333,-98.2609416667,2014-11-04
51349,32.887285,-96.749597,2012-12-15
51349,32.520908,-94.759355,2014-11-01
51349,32.885092,-97.282219,2014-10-29
51349,37.652782,-122.054652,2014-10-23
51349,32.587699,-97.10025,2014-10-20
51349,37.9550633333,-122.4899666667,2014-10-21
51349,36.931584921,-121.6706639052,2008-09-18
51349,40.618621,-83.027185,2014-09-13
51349,40.618621,-83.027185,2014-09-13
51349,38.230633,-122.665851,2014-10-09
51349,36.957265,-122.061925,2014-10-08
51349,30.814268,-94.023223,2014-10-09
51349,32.113278,-93.467034,2014-10-05
51349,32.660863,-97.462498,2014-10-04
51349,38.517327,-77.857219,2014-09-27
51349,37.5071266667,-122.4819416667,2014-10-02
51349,32.582475,-94.7593116667,2014-09-27
51349,37.73834,-122.373244,2014-09-30
51349,37.492583,-122.173186,2014-09-28
51349,47.678911,-117.374506,2014-09-19
51349,47.6663,-117.376631,2014-09-18
51349,36.903893,-121.784794,2014-09-23
51349,37.50821,-122.481766,2014-09-13
51349,37.899411,-122.488847,2014-09-13
51349,35.510459,-93.319417,2014-09-13
51349,37.010263,-122.194722,2014-09-13
51349,37.621676,-122.493739,2014-09-06
51349,38.626182,-122.788782,2014-09-05
51349,38.6624033333,-122.8250666667,2014-09-05
51349,38.88775,-78.16545,2014-09-05
51349,37.440142,-122.14855,2014-09-04
51349,37.502719,-122.469421,2014-08-28
51349,47.670686,-117.390189,2014-08-26
51349,37.506787,-122.478485,2014-08-26
51349,37.024855,-122.216248,2014-08-21
51349,33.379964,-84.620532,2014-08-10
51349,37.7571,-122.4062883333,2014-08-12
51349,38.452396,-122.706063,2014-08-06
51349,37.797272,-122.453849,2014-08-08
51349,32.87949,-97.2783,2014-08-05
51349,48.728805,-113.438087,2014-06-25
51349,37.7420283333,-122.4133216667,2014-07-31
51349,37.5902883333,-122.3151466667,2014-07-30
51349,38.0157277833,-119.1503221667,2014-07-27
51349,36.8162766667,-121.7321166667,2014-07-27
51349,36.824707,-121.735535,2014-07-27
51349,37.93854,-118.61235,2014-07-19
51349,34.419415,-119.796647,2014-07-25
51349,20.68584,-99.803485,2014-07-23
51349,37.677805,-122.3894716667,2014-07-18
51349,30.561108,-96.213706,2014-07-12
51349,36.993832,-121.921847,2014-07-10
51349,37.9113333333,-122.267,2014-07-06
51349,38.9462159,-92.4465101,2012-05-02
51349,38.096639,-122.852125,2014-07-02
51349,34.426008,-119.800188,2014-07-04
51349,38.091307,-122.866551,2014-07-02
51349,39.375279,-120.180087,2014-06-21
51349,38.0380066667,-122.78601,2014-06-29
51349,39.079441,-120.236778,2014-06-28
51349,37.2944955003,-121.6834692782,2014-06-25
51349,37.877159,-122.271081,2014-06-04
51349,38.05342,-122.125962,2014-06-19
51349,30.383891,-97.025481,2014-06-20
51349,38.440918,-122.84307,2014-06-18
51349,37.7325583333,-122.4197783333,2014-06-15
51349,20.687312,-99.804727,2010-10-30
51349,35.512186,-93.324239,2014-06-14
51349,38.455338,-122.705245,2014-06-10
51349,36.507758,-121.769409,2014-06-06
51349,24.828931,-99.582825,2014-05-16
51349,37.69353,-122.4491,2014-05-31
51349,44.2575667131,-103.3940078005,2014-06-01
51349,38.206136,-122.517998,2014-05-31
51349,38.206882,-122.516222,2014-05-31
51349,38.062715,-122.8114316667,2014-05-26
51349,37.732991,-122.419909,2014-05-26
51349,37.75064,-122.448028,2014-05-21
51349,33.379871,-97.574086,2014-05-17
51349,37.470119,-122.2831,2014-05-17
51349,37.750572,-122.44747,2014-05-15
51349,39.6543333333,-84.2265,2013-08-20
51349,37.2621839109,-121.6764741776,2014-05-12
51349,37.797436,-122.454571,2014-05-09
51349,32.662452,-97.223125,2014-05-06
51349,37.749188,-122.446,2014-04-16
51349,37.750205,-122.4488216667,2014-04-24
51349,37.750175,-122.4476,2014-04-24
51349,37.905707,-122.258574,2014-04-20
51349,37.904799,-122.25935,2014-04-20
51349,37.892767,-122.242451,2014-04-20
51349,37.716523,-122.378155,2014-04-20
51349,37.666225,-122.418723,2014-04-13
51349,37.666166,-122.418763,2014-04-13
51349,37.7506366667,-122.44748,2014-04-12
51349,37.75033,-122.4489216667,2014-04-08
51349,37.937704,-122.698284,2014-04-05
51349,32.882269,-97.279534,2014-04-04
51349,32.880895,-97.278319,2014-04-03
51349,37.7429783333,-122.4145816667,2014-04-02
51349,37.749705,-122.4466866667,2014-04-02
51349,38.096173,-122.851567,2014-03-28
51349,37.616649,-122.460513,2014-03-28
51349,37.79338,-122.455267,2014-03-28
51349,37.787925,-122.4794466667,2014-03-28
51349,38.510106,-122.046352,2014-03-22
51349,37.797558,-122.453386,2014-03-23
51349,37.6814333333,-122.42823,2014-03-22
51349,38.104086,-122.256637,2014-03-22
51349,37.4989366667,-122.466325,2014-03-16
51349,37.6980783333,-121.9270333333,2014-03-13
51349,37.6982,-121.927025,2014-03-13
51349,32.884304,-97.28072,2014-03-10
51349,38.64402,-77.250018,2012-10-20
51349,29.822234,-99.569221,2013-04-18
51349,34.418558,-119.798899,2014-03-03
51349,37.7971716667,-122.4544833333,2014-03-01
51349,37.787097,-122.474798,2014-02-27
51349,43.793874,-73.347602,2013-10-08
51349,38.637716,-77.249324,2012-10-11
51349,38.017034,-121.799996,2013-07-10
51349,37.347964,-122.23874,2014-02-01
51349,40.467437,-74.434862,2005-08-23
51349,39.791785,-77.68895,2013-09-29
51349,38.841825,-76.494953,2013-10-20
51349,38.946794,-76.69693,2013-10-19
51349,35.635757,-87.705699,2013-10-21
51349,39.474923,-77.744764,2013-08-29
51349,32.965461,-97.019604,2013-11-17
51349,24.940351,-100.722914,2013-11-09
51349,35.033659,-106.374191,2010-06-19
51349,32.769516,-94.982139,2013-11-07
51349,20.895604,-100.778696,2013-11-03
51349,37.799682,-122.261766,2013-10-26
51349,38.841023,-76.496069,2013-10-20
51349,37.852299,-122.258301,2013-10-20
51349,34.421107,-119.795351,2013-10-19
51349,38.611818,-122.781631,2013-10-17
51349,32.876181,-97.277176,2013-10-16
51349,39.2132,-76.913617,2013-10-14
51349,40.097167,-84.643989,2013-10-14
51349,36.497658,-121.081293,2013-10-10
51349,38.230746,-122.66565,2013-10-10
51349,32.885279,-97.282267,2013-10-06
51349,32.884182,-97.281178,2013-10-06
51349,39.791785,-77.688306,2013-09-29
51349,32.49021,-94.780544,2013-10-05
51349,37.8061166667,-122.4411866667,2013-10-02
51349,38.7991828918,-76.6933670044,2013-09-22
51349,39.876227,-83.995687,2013-09-14
51349,38.446766,-122.70676,2013-09-15
51349,38.455084,-122.806784,2013-09-14
51349,39.2470436096,-76.8219833374,2013-09-08
51349,37.506185,-122.480435,2013-09-09
51349,36.970094,-122.052334,2013-06-22
51349,26.570419,-81.826266,2013-09-07
51349,37.024481,-122.215808,2013-09-06
51349,38.101034,-122.856938,2013-08-31
51349,36.994564,-121.922486,2013-09-03
51349,32.868069,-97.275717,2013-08-28
51349,32.739295,-94.866385,2013-08-27
51349,37.373684,-122.225264,2013-08-26
51349,19.333142,-98.982997,2013-07-12
51349,32.867916,-97.275744,2013-08-20
51349,32.525498,-94.761854,2013-08-17
51349,37.87408,-122.237377,2013-08-05
51349,33.126096,-97.450951,2013-08-03
51349,38.481749,-121.6169,2013-08-01
51349,37.9298333333,-121.0021666667,2013-07-26
51349,19.460662,-99.067795,2012-03-02
51349,32.838361,-93.91788,2013-06-26
51349,38.89851898,-120.203793794,2013-07-13
51349,32.582724,-94.759961,2013-07-14
51349,38.042067,-121.966434,2012-06-22
51349,32.868522,-97.275417,2013-06-17
51349,39.433766,-120.202813,2013-06-11
51349,32.870847,-97.276522,2013-06-15
51349,37.715693,-122.425008,2013-06-08
51349,32.865674,-97.273765,2013-06-08
51349,36.815379713,-122.0384324783,2013-06-08
51349,37.717255,-122.393369,2013-06-08
51349,32.866145,-97.274392,2013-06-06
51349,32.86991,-97.274923,2013-05-25
51349,37.719711,-122.416234,2013-05-11
51349,37.714939,-122.426109,2013-05-11
51349,37.716819,-122.411068,2013-05-11
51349,37.665935,-122.417703,2013-05-04
51349,19.46131,-99.084014,2010-11-15
51349,37.7633818053,-122.4378232845,2013-04-27
51349,32.8859031119,-97.2825086117,2013-04-24
51349,20.0643967426,-99.3403959274,2012-08-19
51349,37.7192692647,-122.4211478233,2013-04-20
51349,36.5766305906,-94.7781944275,2005-10-29
51349,32.885858064,-97.2828197479,2013-04-01
51349,32.8684678648,-97.275352478,2013-03-26
51349,37.709874,-122.380561,2013-03-17
51349,32.8815460401,-97.3029018111,2013-03-12
51349,34.6523795957,-98.5539293289,2007-06-09
51349,32.867999329,-97.2755938769,2013-02-19
51349,32.8820649488,-97.2807061672,2013-02-08
51349,32.8867770366,-97.2836351395,2013-02-02
51349,30.2693716711,-97.7722263336,2002-11-20
51349,37.154707,-120.816296,2012-11-22
51349,28.6475113,-80.7381821,2008-10-29
51349,39.11252,-123.18775,2012-11-12
51349,32.886663865,-97.2830013889,2012-11-10
51349,29.304239,-98.494663,2012-05-26
